func: quote(ppoints)
body: function (n, a = ifelse(n <= 10, 3/8, 1/2)) 
body: {
body:     if (length(n) > 1L) 
body:         n <- length(n)
body:     if (n > 0) 
body:         (1L:n - a)/(n + 1 - 2 * a)
body:     else numeric()
body: }
args: list(250)
retn: c(0.002, 0.006, 0.01, 0.014, 0.018, 0.022, 0.026, 0.03, 0.034, 0.038, 0.042, 0.046, 0.05, 0.054, 0.058, 0.062, 0.066, 0.07, 0.074, 0.078, 0.082, 0.086, 0.09, 0.094, 0.098, 0.102, 0.106, 0.11, 0.114, 0.118, 0.122, 0.126, 0.13, 0.134, 0.138, 0.142, 0.146, 0.15, 0.154, 0.158, 0.162, 0.166, 0.17, 0.174, 0.178, 0.182, 0.186, 0.19, 0.194, 0.198, 0.202, 0.206, 0.21, 0.214, 0.218, 0.222, 0.226, 0.23, 0.234, 0.238, 0.242, 0.246, 0.25, 0.254, 0.258, 0.262, 0.266, 0.27, 0.274, 0.278, 0.282, 0.286, 0.29, 0.294, 
retn: 0.298, 0.302, 0.306, 0.31, 0.314, 0.318, 0.322, 0.326, 0.33, 0.334, 0.338, 0.342, 0.346, 0.35, 0.354, 0.358, 0.362, 0.366, 0.37, 0.374, 0.378, 0.382, 0.386, 0.39, 0.394, 0.398, 0.402, 0.406, 0.41, 0.414, 0.418, 0.422, 0.426, 0.43, 0.434, 0.438, 0.442, 0.446, 0.45, 0.454, 0.458, 0.462, 0.466, 0.47, 0.474, 0.478, 0.482, 0.486, 0.49, 0.494, 0.498, 0.502, 0.506, 0.51, 0.514, 0.518, 0.522, 0.526, 0.53, 0.534, 0.538, 0.542, 0.546, 0.55, 0.554, 0.558, 0.562, 0.566, 0.57, 0.574, 0.578, 0.582, 0.586, 0.59, 
retn: 0.594, 0.598, 0.602, 0.606, 0.61, 0.614, 0.618, 0.622, 0.626, 0.63, 0.634, 0.638, 0.642, 0.646, 0.65, 0.654, 0.658, 0.662, 0.666, 0.67, 0.674, 0.678, 0.682, 0.686, 0.69, 0.694, 0.698, 0.702, 0.706, 0.71, 0.714, 0.718, 0.722, 0.726, 0.73, 0.734, 0.738, 0.742, 0.746, 0.75, 0.754, 0.758, 0.762, 0.766, 0.77, 0.774, 0.778, 0.782, 0.786, 0.79, 0.794, 0.798, 0.802, 0.806, 0.81, 0.814, 0.818, 0.822, 0.826, 0.83, 0.834, 0.838, 0.842, 0.846, 0.85, 0.854, 0.858, 0.862, 0.866, 0.87, 0.874, 0.878, 0.882, 0.886, 
retn: 0.89, 0.894, 0.898, 0.902, 0.906, 0.91, 0.914, 0.918, 0.922, 0.926, 0.93, 0.934, 0.938, 0.942, 0.946, 0.95, 0.954, 0.958, 0.962, 0.966, 0.97, 0.974, 0.978, 0.982, 0.986, 0.99, 0.994, 0.998)

